268,72
268,70
268,69
268,68
268,67
268,66
268,65
268,64
267,78
267,76
267,75
267,74
267,73
267,72
267,71
267,70
267,69
266,198
266,197
266,196
266,195
266,194
266,193
266,255
266,192
266,254
266,125
266,124
266,123
266,122
266,121
266,120
266,119
266,118
266,117
263,49
263,48
263,46
261,426
261,425
261,423
261,422
261,421
261,420
261,419
261,418
261,417
261,416
261,415
261,414
261,413
261,412
261,410
261,409
294,136
294,135
294,134
294,62
294,133
294,132
294,131
294,130
294,129
294,128
294,127
294,126
294,125
294,124
294,123
294,122
294,121
294,120
294,119
294,61
294,118
294,117
294,116
294,115
294,60
294,114
294,113
294,112
294,111
294,110
294,109
294,108
294,107
294,106
294,59
294,105
294,104
294,103
294,102
294,101
294,58
294,100
294,99
294,98
294,97
294,96
294,57
294,95
294,56
294,94
294,55
294,54
294,93
294,92
294,91
294,90
294,53
294,89
294,88
294,52
294,87
294,86
294,85
294,84
294,83
294,51
294,82
294,81
294,80
294,79
294,78
294,77
294,50
294,76
294,75
294,74
294,73
294,72
294,71
294,70
294,69
294,49
294,68
294,48
294,67
294,66
294,65
294,64
294,47
294,46
294,45
294,44
294,43
294,42
294,41
294,40
294,39
294,38
294,37
294,36
294,35
294,34
294,33
294,32
294,31
294,30
294,29
294,28
294,27
294,26
294,25
294,24
294,23
294,22
294,21
294,20
294,19
294,18
294,17
294,16
294,15
294,14
294,13
294,12
294,11
294,10
294,9
294,8
294,7
294,6
294,5
294,4
294,3
294,2
294,1
294,0
291,56
291,55
291,54
289,48
289,47
289,46
289,45
289,44
289,43
288,95
288,94
288,93
288,92
288,91
288,90
288,89
288,88
288,87
288,86
288,85
288,84
288,82
288,81
286,61
286,60
286,59
286,58
286,57
293,136
293,135
293,134
293,62
293,133
293,132
293,131
293,130
293,129
293,128
293,127
293,126
293,125
293,124
293,123
293,122
293,121
293,120
293,119
293,61
293,118
293,117
293,116
293,115
293,60
293,114
293,113
293,112
293,111
293,110
293,109
293,108
293,107
293,106
293,59
293,105
293,104
293,103
293,102
293,101
293,58
293,100
293,99
293,98
293,97
293,96
293,57
293,95
293,56
293,94
293,55
293,54
293,93
293,92
293,91
293,90
293,53
293,89
293,88
293,52
293,87
293,86
293,85
293,84
293,83
293,51
293,82
293,81
293,80
293,79
293,78
293,77
293,50
293,76
293,75
293,74
293,73
293,72
293,71
293,70
293,69
293,49
293,68
293,48
293,67
293,66
293,65
293,64
293,47
293,46
293,45
293,44
293,43
293,42
293,41
293,40
293,39
293,38
293,37
293,36
293,35
293,34
293,33
293,32
293,31
293,30
293,29
293,28
293,27
293,26
293,25
293,24
293,23
293,22
293,21
293,20
293,19
293,18
293,17
293,16
293,15
293,14
293,13
293,12
293,11
293,10
293,9
293,8
293,7
293,6
293,5
293,4
293,3
293,2
293,1
293,0
292,136
292,135
292,134
292,62
292,133
292,132
292,131
292,130
292,129
292,128
292,127
292,126
292,125
292,124
292,123
292,122
292,121
292,120
292,119
292,61
292,118
292,117
292,116
292,115
292,60
292,114
292,113
292,112
292,111
292,110
292,109
292,108
292,107
292,106
292,59
292,105
292,104
292,103
292,102
292,101
292,58
292,100
292,99
292,98
292,97
292,96
292,57
292,95
292,56
292,94
292,55
292,54
292,93
292,92
292,91
292,90
292,53
292,89
292,88
292,52
292,87
292,86
292,85
292,84
292,83
292,51
292,82
292,81
292,80
292,79
292,78
292,77
292,50
292,76
292,75
292,74
292,73
292,72
292,71
292,70
292,69
292,49
292,68
292,48
292,67
292,66
292,65
292,64
292,47
292,46
292,45
292,44
292,43
292,42
292,41
292,40
292,39
292,38
292,37
292,36
292,35
292,34
292,33
292,32
292,31
292,30
292,29
292,28
292,27
292,26
292,25
292,24
292,23
292,22
292,21
292,20
292,19
292,18
292,17
292,16
292,15
292,14
292,13
292,12
292,11
292,10
292,9
292,8
292,7
292,6
292,5
292,4
292,3
292,2
292,1
292,0
289,41
289,40
289,39
289,37
289,36
289,31
289,29
289,28
288,80
288,79
288,78
288,77
288,76
288,75
288,74
288,73
288,72
288,71
288,70
288,68
288,67
288,56
288,54
288,53
280,12
280,11
278,8
278,7
286,55
286,49
286,48
286,47
286,46
286,45
286,44
286,43
286,42
286,41
291,136
291,135
291,134
291,133
291,132
291,131
291,130
291,129
291,128
291,127
291,126
291,125
291,124
291,123
291,122
291,121
291,120
291,119
291,52
291,118
291,117
291,116
291,115
291,114
291,113
291,112
291,111
291,110
291,109
291,108
291,107
291,106
291,51
291,105
291,104
291,103
291,102
291,101
291,100
291,99
291,98
291,97
291,96
291,50
291,95
291,49
291,94
291,47
291,93
291,92
291,91
291,90
291,46
291,89
291,88
291,87
291,86
291,85
291,84
291,83
291,45
291,82
291,81
291,80
291,79
291,78
291,77
291,76
291,75
291,74
291,73
291,72
291,71
291,70
291,69
291,68
291,67
291,66
291,65
291,64
291,43
291,42
291,41
291,40
291,39
291,38
291,37
291,36
291,35
291,33
291,32
291,31
291,30
291,29
291,28
291,27
291,26
291,25
291,24
291,23
291,22
291,21
291,20
291,19
291,18
291,17
291,16
291,15
291,14
291,13
291,12
291,11
291,10
291,9
291,8
291,7
291,6
291,5
291,4
291,3
291,2
291,1
291,0
0,49
275,6
275,5
275,4
275,7
275,3
289,27
289,26
289,25
289,24
289,23
289,22
289,21
289,20
289,19
289,18
289,17
289,16
289,15
289,14
289,13
289,12
289,11
289,10
289,9
289,8
289,7
289,6
289,5
289,4
288,52
288,51
288,50
288,49
288,48
288,47
288,46
288,45
288,44
288,43
288,42
288,41
288,40
288,39
288,38
288,37
288,36
288,35
288,34
288,33
288,32
288,31
288,30
288,29
288,28
288,27
288,26
288,25
288,24
288,23
288,22
288,21
288,20
288,19
288,18
288,17
288,16
288,15
288,14
288,13
288,12
288,11
288,10
288,9
288,8
288,7
288,6
288,5
288,4
287,47
287,100
287,99
287,98
287,97
287,46
287,96
287,95
287,94
287,93
287,92
287,45
287,91
287,90
287,89
287,88
287,87
287,44
287,86
287,85
287,84
287,83
287,82
287,81
287,80
287,79
287,78
287,43
287,77
287,76
287,75
287,74
287,73
287,72
287,42
287,71
287,70
287,69
287,68
287,67
287,66
287,65
287,41
287,64
287,40
287,39
287,38
287,37
287,36
287,35
287,34
287,33
287,32
287,31
287,30
287,29
287,28
287,27
287,26
287,25
287,24
287,23
287,22
287,21
287,20
287,19
287,18
287,17
287,16
287,15
287,14
287,13
287,12
287,11
287,10
287,9
287,8
287,7
287,6
287,5
287,4
286,91
286,90
286,89
286,88
286,87
286,86
286,85
286,84
286,83
286,82
286,81
286,80
286,40
286,79
286,78
286,77
286,76
286,75
286,74
286,73
286,72
286,71
286,70
286,69
286,68
286,67
286,66
286,65
286,64
286,39
286,38
286,37
286,36
286,35
286,34
286,33
286,32
286,31
286,30
286,29
286,28
286,27
286,26
286,25
286,24
286,23
286,22
286,21
286,20
286,19
286,18
286,17
286,16
286,15
286,14
286,13
286,12
286,11
286,10
286,9
286,8
286,7
286,6
286,5
286,4
285,7
285,6
285,5
285,4
284,7
284,6
284,5
284,4
281,6
281,5
281,4
280,10
280,9
280,8
280,7
280,6
280,5
280,4
279,11
279,10
279,9
279,8
279,7
279,6
279,5
279,4
278,6
278,5
5,9
278,4
290,4
290,3
290,2
290,1
290,0
289,3
289,2
289,1
289,0
288,3
288,2
288,1
288,0
0,52
287,3
287,2
287,1
287,0
286,3
286,2
286,1
286,0
285,3
285,2
285,1
285,0
5,8
284,3
284,2
284,1
284,0
283,3
283,2
283,1
283,0
282,3
282,2
282,1
282,0
281,3
281,2
281,1
281,0
5,7
5,6
280,3
280,2
280,1
280,0
279,3
279,2
279,1
279,0
278,3
278,2
0,12
278,1
278,0
0,51
0,50
0,7
272,6
272,5
272,4
271,111
271,110
271,109
271,108
271,107
271,106
271,105
271,104
271,103
271,43
271,102
271,101
271,100
271,99
271,98
271,97
271,96
271,95
271,42
271,94
271,93
271,92
271,91
271,90
271,89
271,88
271,87
271,86
271,85
271,84
271,83
271,82
271,81
271,80
271,41
271,79
271,78
271,77
271,76
271,75
271,74
271,73
271,72
271,71
271,70
271,69
271,40
271,68
271,67
271,66
271,65
271,64
271,39
271,38
271,37
271,36
271,35
271,34
271,33
271,32
271,31
271,30
271,29
271,28
271,27
271,26
271,25
271,24
271,23
271,22
271,21
271,20
271,19
271,18
271,17
271,16
271,15
271,14
271,13
271,12
271,11
271,10
271,9
271,8
271,7
271,6
271,5
271,4
272,3
271,3
262,33
262,18
262,31
262,29
262,28
262,27
262,26
262,8
262,25
264,16
264,15
264,14
264,13
264,12
1,60
264,11
264,10
264,9
262,24
262,23
262,22
262,20
262,32
262,19
262,30
262,15
262,13
262,11
262,10
263,45
263,44
263,43
263,42
263,41
263,40
263,39
263,37
263,36
263,35
263,34
263,33
263,32
263,31
263,30
263,29
263,28
263,27
263,25
263,24
263,23
263,22
263,21
263,19
263,18
263,17
263,16
263,15
263,14
263,13
263,12
263,11
263,10
263,9
263,8
263,7
263,6
263,5
263,4
0,11
0,47
0,46
0,8
0,9
0,10
263,3
261,171
261,170
261,169
261,168
261,167
261,166
261,165
261,164
261,163
261,162
261,161
261,160
261,159
261,158
261,157
261,156
261,155
261,154
261,153
261,152
261,151
261,150
261,149
261,148
261,147
261,146
261,145
261,144
261,143
261,142
261,141
261,140
261,139
261,138
261,137
261,136
261,135
261,134
261,133
261,132
261,131
261,130
261,129
261,128
261,127
261,126
261,125
261,124
261,123
261,122
261,121
261,120
261,119
261,118
261,117
261,116
261,115
261,114
261,113
261,112
261,111
261,110
261,109
261,108
261,107
261,106
261,105
261,104
261,103
261,102
261,101
261,100
261,99
261,98
261,97
261,96
261,95
261,94
261,93
261,92
261,91
261,90
261,89
261,88
261,87
261,86
261,85
261,84
261,83
261,82
261,81
261,80
261,79
261,78
261,77
261,76
261,75
261,74
261,73
261,72
261,71
261,70
261,69
261,68
261,67
261,66
261,65
261,64
261,41
261,40
261,39
261,38
261,37
261,36
261,35
261,34
261,33
261,32
261,31
261,30
261,29
261,28
261,27
261,26
261,25
261,24
261,23
261,22
261,21
261,20
261,19
261,18
261,17
261,16
261,15
261,14
261,13
261,12
261,11
261,10
277,3
261,698
261,697
261,696
261,695
261,694
261,693
268,63
261,692
261,691
261,690
266,136
261,689
261,688
266,114
266,113
261,687
261,686
261,685
261,684
261,683
261,682
261,681
261,680
266,135
261,679
261,678
268,62
268,61
261,677
267,67
261,676
261,675
261,674
266,112
267,126
261,673
261,406
261,672
261,671
261,670
261,669
261,668
261,667
261,666
261,665
261,664
266,134
261,663
261,662
266,111
266,110
261,661
268,60
261,660
261,405
261,404
261,659
261,658
261,657
261,656
261,655
261,654
261,653
261,652
261,651
267,65
261,650
267,64
261,649
261,648
266,133
261,647
261,646
261,645
261,644
261,643
261,642
261,641
261,640
261,639
261,638
261,637
261,636
261,635
268,58
261,634
261,633
261,632
261,631
266,132
261,630
261,629
267,125
261,628
268,57
261,627
261,626
261,625
261,402
261,624
267,63
273,9
261,623
267,62
261,622
261,621
264,8
266,108
266,107
261,620
261,619
261,618
261,617
261,616
261,615
261,614
261,613
266,131
261,612
261,611
261,610
261,609
261,608
266,105
261,607
261,606
266,12
267,61
261,605
268,56
268,55
261,604
261,603
267,60
266,104
266,103
266,130
261,602
261,601
261,600
261,599
261,598
261,597
261,596
268,54
261,595
267,59
261,594
261,593
261,592
261,591
261,590
261,589
261,588
261,587
261,586
266,129
261,585
261,584
261,583
261,582
261,581
261,580
261,579
261,578
261,577
261,576
268,53
261,575
261,398
261,574
261,573
261,572
266,101
266,100
261,571
266,128
261,570
261,397
261,396
261,569
261,568
261,567
261,566
267,57
261,565
261,564
261,563
268,51
261,562
261,561
261,560
261,559
261,558
267,56
261,557
261,556
261,555
261,554
261,553
266,99
261,552
266,98
261,551
261,550
261,549
261,548
261,547
261,546
261,545
261,544
261,543
266,96
266,95
261,542
261,541
261,540
261,539
267,55
261,538
261,537
261,536
261,535
261,534
261,533
261,532
261,531
261,530
264,7
264,6
261,529
266,94
268,49
261,528
261,527
261,393
261,526
268,48
268,47
267,53
261,525
261,524
261,523
261,522
261,521
261,520
261,519
267,52
261,518
261,517
261,516
261,515
266,92
261,514
261,513
261,512
261,511
267,51
267,50
266,91
266,90
261,510
261,509
261,508
261,507
261,506
261,505
266,89
261,504
266,88
261,503
261,502
261,501
266,87
261,500
261,499
261,498
261,497
261,496
268,46
261,495
261,494
261,493
266,86
261,492
261,491
261,490
261,489
261,488
261,487
266,85
266,84
261,486
261,485
261,484
266,83
261,483
261,482
261,481
261,480
267,49
261,479
261,392
261,478
261,477
261,476
261,475
266,82
261,474
266,81
261,473
268,45
261,472
261,471
261,391
261,390
261,470
261,469
261,468
261,467
261,466
261,465
261,464
268,43
267,47
261,463
261,462
266,79
261,461
261,460
261,459
261,458
261,457
261,456
261,455
267,46
268,42
268,41
261,454
261,453
267,45
261,452
261,451
261,450
261,449
261,448
261,383
261,382
261,381
261,380
261,379
261,44
261,43
261,42
269,4
269,3
262,6
262,5
262,4
262,3
2,46
276,3
5,4
3,45
266,26
5,5
5,3
4,3
270,4
270,3
261,378
261,377
261,376
261,375
261,374
261,373
266,78
266,77
268,40
261,447
261,372
266,76
266,75
261,371
261,370
266,74
261,369
261,368
261,367
261,366
261,365
261,364
261,363
267,44
261,362
261,361
266,72
261,360
261,359
266,71
266,70
261,358
261,357
261,356
261,355
266,69
261,354
261,353
261,352
267,43
267,42
261,351
261,350
261,349
261,348
261,347
266,67
261,346
261,345
261,344
261,343
261,342
268,39
261,341
261,340
261,339
266,66
266,65
261,338
261,337
261,336
261,335
267,41
261,334
267,40
268,38
268,37
261,385
261,384
261,333
261,332
261,331
268,35
261,330
261,329
261,328
266,64
273,8
261,327
261,326
261,446
261,325
261,324
261,323
267,38
261,322
261,321
261,320
261,319
261,318
261,317
261,316
261,315
266,127
261,314
261,313
261,312
261,311
261,310
261,309
261,308
261,307
261,306
267,36
261,305
261,304
261,303
268,33
261,302
261,301
266,126
261,300
261,299
261,298
266,63
261,297
261,296
261,295
261,294
261,293
261,292
261,291
261,290
261,289
266,61
261,288
261,287
261,286
266,60
266,59
266,58
266,57
261,285
261,284
266,11
261,283
261,282
261,281
261,280
261,279
261,278
261,277
261,276
266,56
261,275
261,274
261,273
261,272
261,271
267,35
261,270
267,34
261,269
261,268
261,267
261,266
267,33
261,265
266,52
268,32
268,31
261,264
261,263
261,262
266,51
261,61
261,261
268,30
261,260
261,259
267,32
261,258
261,257
261,256
268,29
261,255
266,50
266,49
261,254
261,253
261,252
261,251
261,250
261,249
261,248
266,48
261,247
261,246
261,245
261,60
261,59
261,244
261,243
266,21
261,242
267,30
261,241
261,240
261,239
261,238
261,237
261,236
261,235
261,234
261,233
266,47
261,232
261,231
261,230
261,229
268,27
261,228
261,227
261,226
261,225
261,224
267,29
261,223
266,46
266,16
266,45
266,14
261,222
261,221
261,220
261,219
261,218
266,44
261,217
261,216
261,215
267,28
261,214
268,26
268,25
261,213
261,212
261,211
261,56
267,26
261,210
267,25
268,23
261,54
261,209
261,208
261,207
261,206
268,10
266,36
266,32
266,35
261,205
267,22
266,33
261,204
261,203
268,21
266,31
267,10
261,50
261,48
261,202
267,24
267,13
261,201
266,42
261,200
261,199
261,198
261,197
261,196
266,10
268,16
268,14
267,17
261,195
261,194
261,193
268,22
267,15
266,25
266,29
266,28
261,192
261,191
273,7
273,6
261,190
261,189
266,41
261,188
266,37
261,187
261,186
261,185
261,184
261,183
268,12
267,14
266,24
266,23
261,182
261,181
266,22
261,180
267,23
268,11
267,11
266,17
261,179
261,178
261,177
273,5
273,4
273,3
261,176
1,45
3,44
2,44
1,44
3,43
2,43
1,43
3,42
2,42
1,42
3,41
2,41
1,41
3,40
2,40
1,40
3,39
2,39
1,39
3,38
2,38
1,38
3,37
2,37
1,37
3,36
2,36
1,36
3,35
2,35
1,35
3,34
2,34
1,34
3,33
2,33
1,33
3,32
2,32
1,32
3,31
2,31
1,31
3,30
2,30
1,30
3,29
2,29
1,29
3,28
2,28
1,28
3,27
2,27
1,27
3,26
2,26
1,26
3,25
2,25
1,25
3,24
2,24
1,24
3,23
